start=6.300000
sub-pos=82.000000
